-0.213114754
0.133333333
0.235294118
-0.176587302
-0.01686747
0.117647059
0.182894737
0.384130515
0.017948031
0.034210526
0.108651399
0.07941244
-0.00021263
0.105912378
-0.007692308
0.140503876
0.018691589
0.009174312
-0.027272727
0.038232795
0.062193126
0.070878274
-0.004316547
0.001445087
0.007215007
-0.001432665
0.022955524
-0.070126227
-0.015082956
0.044410413
-0.162756598
0.077057793
0.102439024
0.026548673
-0.102011494
0.104
0.039130435
0.059972106
0.032894737
0.020382166
-0.06803995
-0.043536504
0.078431373
0
0.038961039
-0.02125
0.111749681
0.022400919
0.034831461
0.049402823
0.013967926
-0.03877551
0.085987261
0.041055718
0.128638498
-0.034941764
-0.073275862
0.15627907
0.08608206
-0.017777778
-0.005279035
-0.091736164
-0.106844741
0.111214953
-0.066442389
-0.023423423
-0.001845018
-0.061922366
0.03546798
-0.030447193
0.02747792